37488556867
65338013794
91871961265
78336678959
50312080893
16002053479
88373736879
62177055455
37594265899
84152455067
89940481197
-704255534
65242444909
24856207519
26170115843
67804078541
19806733206
61436731455
41531967402
69816123828
-7507361460
41145673662
71635941153
35534111266
50437279711
99958892046
13509947069
268176280
82634975438
5501596704
16228926033
14583141068
16471614214
2028510983
71876024688
64448054257
96231604622
82563726976
41231177755
9139314952
8349306412
49392944787
13933367485
27764465895
35244974365
-8898017897
20833594675
-7385745179
24190684096
12027352184
12167292126
3697090555
28395235580
72020299043
57112727533
65078731815
21132929665
82882841472
-4578347521
56607375652
1838469527
50412911796
1751451526
79571462967
22016131368
98009186026
240570467
72335619414
74682458281
47596889555
50404136083
62999584704
92422073758
75492503113
62065595567
47654467754
27611076921
19846215721
59806184274
49075191912
50934503275
39929475588
59787192268
39586113810
20459852848
21058421618
54712534594
29700414677
19234506062
16314414266
62853009663
47630971435
65792907326
67457249875
38212351784
-5639896554
42020642911
86988178844
12847902127
30794683632