-15
69
420
-9
0
56
789
15
-46
5153
79706
-62318
15690
-24440
9532
-2599
54950
-33013
25839
-51523
49941
-3508
-79128
48460
-64322
-42916
-90976
-99381
-11123
35238
80352
-50829
-46104
85855
-53895
-82729
-23248
64462
-32626
-21813
-58113
-12948
63093
-62309
80467
-88448
91076
-84249
-46041
-27388
-5801
51478
30832
-6046
-22203
16388
84512
59736
-71995
-65798
65954
39169
-39594
36402
-97291
76078
37479
50588
44528
75072
-380
57124
14677
65583
51572
-69797
-43778
59736
-11810
-72438
71779
-12156
96189
6786
-71257
38951
-66893
-79552
34880
64039
-29244
57604
-28207
-707
-12076
9578
37779
-45570
84615
-81498
29388
97115
51369
90042
-82270
-40612
99720
-83902
-41898